1731501645.506109,0
1731501645.613177,1
1731501645.857634,8
1731501645.977861,11
1731501646.085194,16
1731501646.194483,24
1731501646.309330,31
1731501646.419866,39
1731501646.527806,47
1731501646.656250,56
1731501646.770163,69
1731501646.876649,76
1731501646.984477,82
1731501647.095497,94
1731501647.218254,99
1731501647.333669,100
1731501647.441823,99
1731501647.550422,100
1731501647.658990,100
1731501647.768039,99
1731501647.879699,100
1731501647.985384,100
1731501648.100925,100
1731501648.210708,100
1731501648.320493,99
1731501648.431806,99
1731501648.546898,99
1731501648.654166,100
1731501648.760921,99
1731501648.888814,100
1731501648.997231,100
1731501649.108569,100
1731501649.224433,99
1731501649.338387,99
1731501649.442119,100
1731501649.550926,98
1731501649.656610,100
1731501649.770418,100
1731501649.881338,98
1731501649.988517,98
1731501650.098612,99
1731501650.215777,97
1731501650.335062,93
1731501650.443812,93
1731501650.556666,93
1731501650.669169,96
1731501650.778406,98
1731501650.897831,98
1731501651.034517,100
1731501651.140837,99
1731501651.260120,99
1731501651.368419,97
1731501651.506542,95
1731501651.618562,95
1731501651.729782,96
1731501651.840034,98
1731501651.956642,99
1731501652.064495,99
1731501652.175497,99
1731501652.283809,100
1731501652.395912,100
1731501652.506675,99
1731501652.618696,85
1731501652.725294,72
1731501652.832280,58
1731501652.949781,44
1731501653.077142,32
1731501653.252379,34
1731501653.386819,42
1731501653.494592,33
1731501653.633695,25
1731501653.744295,28
1731501653.857685,32
1731501653.966617,37
1731501654.073006,53
1731501654.185088,51
1731501654.304448,51
1731501654.421788,48
1731501654.528460,46
1731501654.637553,48
1731501654.751383,49
1731501654.867550,50
1731501654.986339,50
1731501655.092808,49
1731501655.222301,49
1731501655.336406,49
1731501655.450407,46
1731501655.559966,47
1731501655.693211,46
1731501655.801374,46
1731501655.912943,47
1731501656.021610,46
1731501656.137525,46
1731501656.246671,46
1731501656.354769,47
1731501656.468787,47
1731501656.576540,46
1731501656.681502,46
1731501656.796286,46
1731501656.904815,48
1731501657.024675,48
1731501657.131852,49
1731501657.241238,48
1731501657.348147,49
1731501657.456168,50
1731501657.565598,49
1731501657.677181,49
1731501657.787174,49
1731501657.909833,48
1731501658.031561,48
1731501658.164470,59
1731501658.317977,57
1731501658.425202,58
1731501658.566091,58
1731501658.692992,58
1731501658.832274,49
1731501658.967049,50
1731501659.073926,51
1731501659.186069,51
1731501659.304197,49
1731501659.426379,50
1731501659.573852,47
1731501659.684976,48
1731501659.793999,48
1731501659.903669,48
1731501660.016208,48
1731501660.148665,49
1731501660.264886,49
1731501660.380211,48
1731501660.488272,48
1731501660.596992,49
1731501660.713466,48
1731501660.837430,50
1731501660.945521,49
1731501661.061549,50
1731501661.191289,49
1731501661.297757,50
1731501661.418714,50
1731501661.524691,49
1731501661.632283,49
1731501661.760139,49
1731501661.914176,51
1731501662.020604,50
1731501662.131065,49
1731501662.240101,49
1731501662.350913,51
1731501662.460410,50
1731501662.574897,51
1731501662.708030,57
1731501662.816577,57
1731501662.924607,56
1731501663.032300,57
1731501663.162419,58
1731501663.272370,58
1731501663.390160,56
1731501663.499493,51
1731501663.604981,52
1731501663.730719,51
1731501663.838140,52
1731501663.944912,51
1731501664.055560,51
1731501664.187260,51
1731501664.298088,49
1731501664.404654,50
1731501664.512505,49
1731501664.619009,49
1731501664.727812,51
1731501664.838906,50
1731501664.950097,50
1731501665.063920,50
1731501665.188877,50
1731501665.310806,51
1731501665.418665,50
1731501665.528463,51
1731501665.639044,52
1731501665.745604,50
1731501665.857834,50
1731501666.003905,50
1731501666.144381,51
1731501666.256201,51
1731501666.364617,51
1731501666.472880,51
1731501666.587495,52
1731501666.693976,53
1731501666.798333,52
1731501666.912824,52
1731501667.027599,52
1731501667.141872,52
1731501667.255116,52
1731501667.364850,58
1731501667.475949,59
1731501667.584017,59
1731501667.705259,58
1731501667.814233,59
1731501667.922732,58
1731501668.053114,58
1731501668.166411,54
1731501668.279563,53
1731501668.400058,53
1731501668.522916,54
1731501668.632290,54
1731501668.744321,53
1731501668.870105,53
1731501669.012305,52
1731501669.121623,52
1731501669.256407,52
1731501669.364754,52
1731501669.484575,51
1731501669.639932,54
1731501669.754421,52
1731501669.880175,52
1731501670.001053,52
1731501670.124992,52
1731501670.232110,52
1731501670.341216,53
1731501670.450895,54
1731501670.563619,54
1731501670.677764,52
1731501670.787076,52
1731501670.900300,52
1731501671.024776,53
1731501671.132606,53
1731501671.265842,54
1731501671.373091,54
1731501671.493420,55
1731501671.619032,54
1731501671.732294,54
1731501671.846004,54
1731501671.971695,53
1731501672.089606,63
1731501672.197206,62
1731501672.312723,63
1731501672.424619,62
1731501672.536709,62
1731501672.643025,63
1731501672.754385,62
1731501672.865317,58
1731501672.976159,54
1731501673.144484,56
1731501673.293338,55
1731501673.416441,56
1731501673.546257,56
1731501673.652358,55
1731501673.761087,55
1731501673.874587,55
1731501673.982375,55
1731501674.093591,53
1731501674.204114,53
1731501674.329013,54
1731501674.438252,54
1731501674.544810,53
1731501674.654013,55
1731501674.764625,54
1731501674.871972,54
1731501674.987623,54
1731501675.108704,52
1731501675.217356,53
1731501675.364202,55
1731501675.558586,51
1731501675.666243,53
1731501675.773232,53
1731501675.887970,54
1731501676.003111,55
1731501676.114529,55
1731501676.222326,56
1731501676.334735,56
1731501676.443856,55
1731501676.570732,55
1731501676.712510,56
1731501676.822188,56
1731501676.931848,63
1731501677.073178,61
1731501677.194872,62
1731501677.302240,61
1731501677.410455,62
1731501677.528919,61
1731501677.635516,60
1731501677.756081,57
1731501677.902378,57
1731501678.011160,56
1731501678.120046,56
1731501678.260701,58
1731501678.391712,58
1731501678.502299,57
1731501678.610769,55
1731501678.723723,54
1731501678.834225,54
1731501678.942691,55
1731501679.050350,54
1731501679.158774,54
1731501679.274692,54
1731501679.380607,56
1731501679.490818,55
1731501679.610824,56
1731501679.718289,56
1731501679.832004,56
1731501679.945544,56
1731501680.067785,55
1731501680.178595,56
1731501680.285879,55
1731501680.402328,57
1731501680.512922,57
1731501680.623766,56
1731501680.753089,56
1731501680.860603,58
1731501680.974703,58
1731501681.086368,58
1731501681.205037,56
1731501681.324806,57
1731501681.434054,57
1731501681.548150,57
1731501681.654833,64
1731501681.761042,63
1731501681.886155,64
1731501682.077430,63
1731501682.199055,63
1731501682.312278,62
1731501682.426560,62
1731501682.551563,59
1731501682.681490,57
1731501682.795899,57
1731501682.906510,57
1731501683.013081,58
1731501683.133806,57
1731501683.243561,57
1731501683.353729,58
1731501683.462805,57
1731501683.588971,56
1731501683.715630,57
1731501683.832248,57
1731501683.942337,57
1731501684.047862,58
1731501684.158926,57
1731501684.277683,58
1731501684.385291,57
1731501684.501750,57
1731501684.618665,57
1731501684.724935,57
1731501684.836303,57
1731501684.943174,58
1731501685.053392,57
1731501685.168762,58
1731501685.277091,57
1731501685.413436,58
1731501685.554133,57
1731501685.661479,59
1731501685.778956,58
1731501685.886575,58
1731501686.004547,58
1731501686.128202,59
1731501686.242794,58
1731501686.357182,59
1731501686.468682,58
1731501686.576441,64
1731501686.689986,64
1731501686.800202,64
1731501686.928847,64
1731501687.052767,65
1731501687.160559,65
1731501687.275086,65
1731501687.400648,63
1731501687.510958,59
1731501687.620009,59
1731501687.742128,60
1731501687.857980,59
1731501687.970948,61
1731501688.079032,60
1731501688.182582,61
1731501688.302633,58
1731501688.413674,59
1731501688.521186,58
1731501688.632305,58
1731501688.742577,58
1731501688.861178,58
1731501688.990194,58
1731501689.100073,58
1731501689.206387,58
1731501689.319820,58
1731501689.444632,58
1731501689.553471,58
1731501689.667591,58
1731501689.779490,58
1731501689.889240,58
1731501690.010565,58
1731501690.128566,58
1731501690.251653,58
1731501690.360699,59
1731501690.471140,59
1731501690.578948,59
1731501690.686875,61
1731501690.828904,61
1731501690.936066,61
1731501691.045312,62
1731501691.153744,61
1731501691.264102,60
1731501691.370936,59
1731501691.479883,67
1731501691.593039,67
1731501691.703631,67
1731501691.808940,66
1731501691.927762,66
1731501692.039830,66
1731501692.184263,66
1731501692.309717,64
1731501692.439796,61
1731501692.558746,62
1731501692.666043,60
1731501692.775822,61
1731501692.883952,61
1731501692.992208,60
1731501693.104528,61
1731501693.218148,61
1731501693.324367,61
1731501693.440901,60
1731501693.554198,60
1731501693.662404,59
1731501693.771889,59
1731501693.902643,59
1731501694.013530,59
1731501694.129059,59
1731501694.255161,59
1731501694.381620,61
1731501694.488825,60
1731501694.598310,60
1731501694.709289,60
1731501694.816376,61
1731501694.925398,60
1731501695.040736,61
1731501695.167494,60
1731501695.285599,61
1731501695.404816,62
1731501695.540331,61
1731501695.670221,61
1731501695.779957,61
1731501695.886891,61
1731501695.997397,61
1731501696.106163,62
1731501696.222196,61
1731501696.328461,62
1731501696.438488,70
1731501696.556031,72
1731501696.705718,70
1731501696.814074,70
1731501696.920687,71
1731501697.036244,70
1731501697.144386,70
1731501697.257307,68
1731501697.368517,62
1731501697.485816,62
1731501697.611861,63
1731501697.723699,62
1731501697.832303,62
1731501697.942212,63
1731501698.055494,63
1731501698.178213,62
1731501698.287350,62
1731501698.394712,61
1731501698.517232,61
1731501698.627622,61
1731501698.738127,63
1731501698.852269,63
1731501698.962296,63
1731501699.071473,62
1731501699.182400,62
1731501699.294045,62
1731501699.403786,62
1731501699.511802,61
1731501699.643767,61
1731501699.780278,62
1731501699.897376,62
1731501700.005152,63
1731501700.113793,63
1731501700.238174,61
1731501700.345269,62
1731501700.454277,63
1731501700.568298,61
1731501700.676131,63
1731501700.784407,64
1731501700.893376,63
1731501701.012502,64
1731501701.126221,62
1731501701.241723,64
1731501701.359841,61
1731501701.476217,68
1731501701.582275,69
1731501701.705210,68
1731501701.821417,70
1731501701.929346,69
1731501702.037777,70
1731501702.149063,71
1731501702.261041,69
1731501702.376328,63
1731501702.529072,65
1731501702.657041,64
1731501702.764117,64
1731501702.889612,65
1731501703.004299,65
1731501703.111889,65
1731501703.229407,65
1731501703.337627,62
1731501703.446379,62
1731501703.565254,62
1731501703.677608,63
1731501703.782433,64
1731501703.901157,63
1731501704.020719,64
1731501704.141314,63
1731501704.259581,63
1731501704.386822,62
1731501704.515935,63
1731501704.634800,63
1731501704.740403,64
1731501704.858863,63
1731501704.975557,62
1731501705.081786,64
1731501705.191810,63
1731501705.312724,63
1731501705.432140,64
1731501705.540013,64
1731501705.650262,65
1731501705.769958,64
1731501705.876396,65
1731501705.983807,65
1731501706.093918,64
1731501706.201833,66
1731501706.310326,65
1731501706.432138,73
1731501706.550439,74
1731501706.659985,74
1731501706.772426,74
1731501706.889638,74
1731501706.998093,74
1731501707.106209,74
1731501707.216056,74
1731501707.331559,71
1731501707.442257,66
1731501707.549410,65
1731501707.668776,66
1731501707.799107,66
1731501707.906604,66
1731501708.019931,65
1731501708.132249,65
1731501708.248151,65
1731501708.357271,65
1731501708.469608,65
1731501708.581489,63
1731501708.699981,64
1731501708.812512,64
1731501708.941821,64
1731501709.052834,65
1731501709.166823,65
1731501709.274392,64
1731501709.389774,66
1731501709.523128,65
1731501709.633698,65
1731501709.746348,65
1731501709.864789,65
1731501710.013085,65
1731501710.120502,66
1731501710.229988,65
1731501710.337882,65
1731501710.467713,65
1731501710.604366,65
1731501710.716807,66
1731501710.828820,66
1731501710.948093,67
1731501711.065126,67
1731501711.172552,66
1731501711.285518,66
1731501711.397362,65
1731501711.514106,73
1731501711.621873,73
1731501711.737094,71
1731501711.848092,72
1731501711.954320,73
1731501712.061707,72
1731501712.169418,73
1731501712.278638,73
1731501712.391070,73
1731501712.521136,66
1731501712.642617,66
1731501712.748226,67
1731501712.861019,67
1731501712.976142,68
1731501713.104135,68
1731501713.225950,67
1731501713.343664,67
1731501713.452322,65
1731501713.587733,65
1731501713.703050,66
1731501713.816942,66
1731501713.923138,65
1731501714.031912,67
1731501714.148092,66
1731501714.276281,66
1731501714.384180,66
1731501714.492077,66
1731501714.607271,66
1731501714.721226,66
1731501714.836875,66
1731501714.950711,66
1731501715.059824,66
1731501715.176655,67
1731501715.281176,67
1731501715.397493,66
1731501715.510990,66
1731501715.624755,67
1731501715.739866,67
1731501715.856129,68
1731501715.971764,67
1731501716.089310,68
1731501716.195790,67
1731501716.301776,67
1731501716.410898,68
1731501716.521644,66
1731501716.632331,70
1731501716.748127,70
1731501716.857277,70
1731501716.969267,71
1731501717.088992,71
1731501717.211487,71
1731501717.322520,71
1731501717.428684,70
1731501717.565411,66
1731501717.675320,67
1731501717.786653,67
1731501717.897691,67
1731501718.002159,67
1731501718.117512,70
1731501718.246096,68
1731501718.358361,68
1731501718.465931,68
1731501718.580069,68
1731501718.701832,69
1731501718.813774,70
1731501718.927215,70
1731501719.034091,70
1731501719.142660,70
1731501719.252458,71
1731501719.363611,71
1731501719.476542,70
1731501719.590936,70
1731501719.705681,71
1731501719.825146,69
1731501719.929424,70
1731501720.038718,69
1731501720.144003,70
1731501720.257369,70
1731501720.398322,71
1731501720.506739,70
1731501720.620858,70
1731501720.727888,68
1731501720.848093,69
1731501720.961097,69
1731501721.068630,68
1731501721.189581,69
1731501721.312687,69
1731501721.421460,68
1731501721.528871,69
1731501721.638448,69
1731501721.753062,67
1731501721.861711,68
1731501721.980541,68
1731501722.096856,68
1731501722.200928,69
1731501722.308989,70
1731501722.427054,70
1731501722.533119,69
1731501722.643623,68
1731501722.750504,69
1731501722.865105,69
1731501722.979562,69
1731501723.091479,69
1731501723.202898,69
1731501723.313756,70
1731501723.464805,70
1731501723.594196,69
1731501723.702026,69
1731501723.812041,69
1731501723.932694,70
1731501724.053094,70
1731501724.165731,70
1731501724.272324,71
1731501724.402942,69
1731501724.510097,69
1731501724.618119,70
1731501724.725245,68
1731501724.836061,76
1731501724.950826,77
1731501725.060341,77
1731501725.170472,78
1731501725.280801,77
1731501725.392356,78
1731501725.511904,78
1731501725.641438,77
1731501725.748636,76
1731501725.855966,72
1731501726.001344,70
1731501726.128713,70
1731501726.234121,71
1731501726.344956,71
1731501726.462253,71
1731501726.570252,72
1731501726.680069,71
1731501726.787337,72
1731501726.900563,70
1731501727.014156,71
1731501727.121871,70
1731501727.239994,71
1731501727.351209,71
1731501727.467817,70
1731501727.580460,71
1731501727.729474,69
1731501727.838799,70
1731501727.951811,71
1731501728.092412,69
1731501728.205005,69
1731501728.312145,70
1731501728.423081,70
1731501728.542911,71
1731501728.669004,70
1731501728.777286,70
1731501728.887831,70
1731501729.003618,71
1731501729.141294,72
1731501729.253276,72
1731501729.363228,72
1731501729.469053,71
1731501729.574791,72
1731501729.685752,71
1731501729.792845,72
1731501729.900913,72
1731501730.021266,79
1731501730.134608,79
1731501730.263540,78
1731501730.369249,78
1731501730.488771,78
1731501730.612989,78
1731501730.724263,78
1731501730.834370,78
1731501730.942506,79
1731501731.054877,75
1731501731.176852,74
1731501731.286339,73
1731501731.395962,73
1731501731.510144,72
1731501731.640323,72
1731501731.765135,73
1731501731.878989,73
1731501731.988319,73
1731501732.097533,72
1731501732.216380,72
1731501732.346777,71
1731501732.452542,71
1731501732.562762,71
1731501732.673092,72
1731501732.784075,71
1731501732.894567,71
1731501733.002406,71
1731501733.125477,70
1731501733.246376,70
1731501733.375632,72
1731501733.481636,71
1731501733.592691,71
1731501733.700634,71
1731501733.821315,71
1731501733.929466,71
1731501734.036836,72
1731501734.149271,71
1731501734.258926,71
1731501734.371095,72
1731501734.496037,72
1731501734.630435,72
1731501734.741414,72
1731501734.872644,71
1731501735.003915,72
1731501735.126361,73
1731501735.238242,72
1731501735.365999,81
1731501735.473093,79
1731501735.590315,81
1731501735.709063,81
1731501735.839008,80
1731501735.955941,81
1731501736.090481,79
1731501736.200071,79
1731501736.362435,74
1731501736.482246,73
1731501736.602439,73
1731501736.710878,74
1731501736.824412,74
1731501736.935123,75
1731501737.047835,75
1731501737.169808,74
1731501737.286990,73
1731501737.396506,73
1731501737.518511,73
1731501737.644001,72
1731501737.789936,72
1731501737.916469,72
1731501738.032350,72
1731501738.196313,72
1731501738.330750,73
1731501738.440098,72
1731501738.568925,71
1731501738.679893,72
1731501738.844848,72
1731501738.972514,72
1731501739.084704,73
1731501739.204225,72
1731501739.393553,72
1731501739.527536,73
1731501739.651636,74
1731501739.758348,74
1731501739.870891,75
1731501739.986169,75
1731501740.098284,74
1731501740.233789,75
1731501740.342879,74
1731501740.469342,74
1731501740.588049,76
1731501740.709812,81
1731501740.817211,82
1731501740.926567,81
1731501741.040661,83
1731501741.213432,80
1731501741.332293,81
1731501741.444079,81
1731501741.550173,81
1731501741.661397,78
1731501741.773132,76
1731501741.885002,76
1731501742.002388,75
1731501742.108588,75
1731501742.257352,74
1731501742.373120,76
1731501742.482688,74
1731501742.601084,76
1731501742.743533,76
1731501742.856287,74
1731501742.968926,73
1731501743.108742,73
1731501743.216381,75
1731501743.328313,73
1731501743.438718,73
1731501743.569102,73
1731501743.681971,73
1731501743.791553,73
1731501743.897729,73
1731501744.016998,73
1731501744.125031,74
1731501744.235085,76
1731501744.345132,74
1731501744.455552,74
1731501744.593410,74
1731501744.740755,74
1731501744.857510,76
1731501744.968874,76
1731501745.097254,75
1731501745.213966,76
1731501745.356616,76
1731501745.472051,76
1731501745.582340,75
1731501745.690409,75
1731501745.801902,74
1731501745.917108,76
1731501746.049993,82
1731501746.200444,82
1731501746.311080,82
1731501746.424176,83
1731501746.550578,82
1731501746.656612,83
1731501746.765657,82
1731501746.895449,81
1731501747.006759,80
1731501747.133452,75
1731501747.244861,75
1731501747.355497,76
1731501747.469251,76
1731501747.617243,76
1731501747.730263,76
1731501747.841733,76
1731501747.949440,76
1731501748.073195,76
1731501748.185353,76
1731501748.310806,76
1731501748.423858,74
1731501748.553491,75
1731501748.661079,75
1731501748.770741,74
1731501748.878164,77
1731501749.006680,76
1731501749.117522,76
1731501749.225249,75
1731501749.333122,75
1731501749.454873,75
1731501749.567189,75
1731501749.682516,75
1731501749.790177,75
1731501749.900285,76
1731501750.011902,76
1731501750.135405,76
1731501750.262748,75
1731501750.368707,77
1731501750.490487,76
1731501750.598213,77
1731501750.718800,76
1731501750.843907,77
1731501751.011593,76
1731501751.132316,77
1731501751.249110,78
1731501751.382367,84
1731501751.498175,83
1731501751.614072,83
1731501751.725390,83
1731501751.833706,84
1731501751.949127,83
1731501752.057274,84
1731501752.163987,84
1731501752.276422,83
1731501752.392415,83
1731501752.502533,78
1731501752.611725,77
1731501752.724198,77
1731501752.833193,78
1731501752.943979,78
1731501753.060888,78
1731501753.218211,78
1731501753.326269,77
1731501753.444104,78
1731501753.565285,78
1731501753.688463,76
1731501753.816743,77
1731501753.928512,77
1731501754.042636,77
1731501754.153909,76
1731501754.281417,77
1731501754.390313,77
1731501754.498395,76
1731501754.630695,77
1731501754.752238,78
1731501754.865207,78
1731501754.979960,78
1731501755.113817,76
1731501755.232921,77
1731501755.346168,77
1731501755.456483,77
1731501755.569472,77
1731501755.684261,78
1731501755.815549,78
1731501755.967600,79
1731501756.094758,78
1731501756.217581,79
1731501756.334289,77
1731501756.448905,78
1731501756.561732,79
1731501756.678863,79
1731501756.785395,85
1731501756.906227,85
1731501757.012734,85
1731501757.178414,85
1731501757.326915,84
1731501757.465270,85
1731501757.601085,85
1731501757.713736,84
1731501757.828727,84
1731501757.942067,78
1731501758.054729,78
1731501758.182378,78
1731501758.291423,79
1731501758.406763,79
1731501758.513161,81
1731501758.628346,80
1731501758.749331,79
1731501758.956492,79
1731501759.067634,79
1731501759.232804,78
1731501759.342813,79
1731501759.455066,78
1731501759.564012,78
1731501759.678184,78
1731501759.788659,78
1731501759.921767,78
1731501760.033668,77
1731501760.142219,77
1731501760.259263,78
1731501760.365328,79
1731501760.626242,79
1731501760.750932,79
1731501760.858238,77
1731501760.964994,79
1731501761.080268,81
1731501761.201750,79
1731501761.312841,79
1731501761.436122,80
1731501761.554361,79
1731501761.664353,80
1731501761.839651,80
1731501761.969320,79
1731501762.077627,78
1731501762.198322,86
1731501762.330658,86
1731501762.509591,87
1731501762.618637,87
1731501762.728166,86
1731501762.870247,86
1731501762.978375,88
1731501763.086356,87
1731501763.212296,85
1731501763.344381,85
1731501763.461735,81
1731501763.592444,80
1731501763.700891,81
1731501763.808733,80
1731501763.921227,80
1731501764.036321,80
1731501764.164426,80
1731501764.280320,80
1731501764.389343,80
1731501764.497793,80
1731501764.610726,80
1731501764.724010,80
1731501764.834782,79
1731501764.948900,79
1731501765.072234,79
1731501765.179628,80
1731501765.287640,79
1731501765.395958,78
1731501765.527085,78
1731501765.636824,80
1731501765.744432,79
1731501765.852655,79
1731501765.966771,79
1731501766.100825,79
1731501766.220109,80
1731501766.333806,80
1731501766.444612,78
1731501766.553667,80
1731501766.662083,80
1731501766.770070,81
1731501766.894366,80
1731501767.002196,80
1731501767.134864,80
1731501767.242358,81
1731501767.357268,81
1731501767.475506,81
1731501767.606359,80
1731501767.712993,88
1731501767.822316,89
1731501767.934253,88
1731501768.046059,88
1731501768.157337,88
1731501768.268248,88
1731501768.392666,88
1731501768.544349,89
1731501768.686140,86
1731501768.819755,85
1731501768.929078,82
1731501769.043847,82
1731501769.168895,83
1731501769.287614,81
1731501769.394290,82
1731501769.514231,81
1731501769.629005,82
1731501769.740425,82
1731501769.858171,82
1731501769.965047,83
1731501770.070105,81
1731501770.191945,81
1731501770.305714,81
1731501770.412269,80
1731501770.521813,80
1731501770.641537,80
1731501770.784598,80
1731501770.893484,81
1731501771.001460,82
1731501771.112287,82
1731501771.247917,82
1731501771.354675,81
1731501771.469319,82
1731501771.580798,80
1731501771.696014,82
1731501771.818093,81
1731501771.932293,80
1731501772.051869,81
1731501772.202450,83
1731501772.332253,81
1731501772.481541,82
1731501772.598769,82
1731501772.717970,83
1731501772.824330,82
1731501772.937690,82
1731501773.044224,83
1731501773.152797,82
1731501773.282294,89
1731501773.399991,89
1731501773.509037,89
1731501773.617394,90
1731501773.724439,89
1731501773.833366,89
1731501773.942669,91
1731501774.051785,90
1731501774.161416,89
1731501774.280765,88
1731501774.388399,87
1731501774.503859,84
1731501774.616363,84
1731501774.727562,83
1731501774.850048,82
1731501774.956047,83
1731501775.093102,83
1731501775.210174,83
1731501775.326337,83
1731501775.440202,83
1731501775.551699,83
1731501775.660437,81
1731501775.803772,83
1731501775.911171,81
1731501776.020585,81
1731501776.166488,81
1731501776.277553,82
1731501776.382453,82
1731501776.502063,84
1731501776.620856,82
1731501776.728118,83
1731501776.844647,82
1731501776.972928,83
1731501777.088776,82
1731501777.196707,83
1731501777.325010,83
1731501777.440844,82
1731501777.548359,83
1731501777.659565,81
1731501777.794099,83
1731501777.906754,83
1731501778.019339,83
1731501778.124399,84
1731501778.230491,84
1731501778.342573,84
1731501778.449642,85
1731501778.587324,84
1731501778.714909,83
1731501778.824389,91
1731501778.931905,91
1731501779.043193,90
1731501779.165987,91
1731501779.280566,91
1731501779.397821,90
1731501779.529039,90
1731501779.690517,89
1731501779.857820,89
1731501780.047556,82
1731501780.172945,84
1731501780.368471,83
1731501780.619852,82
1731501780.758283,83
1731501780.869103,83
1731501780.973392,83
1731501781.087103,84
1731501781.193471,83
1731501781.303866,83
1731501781.411877,84
1731501781.541679,83
1731501781.707115,82
1731501781.828295,83
1731501781.934212,83
1731501782.045277,83
1731501782.164825,83
1731501782.276191,82
1731501782.387644,82
1731501782.514161,82
1731501782.626783,83
1731501782.752320,84
1731501782.881633,84
1731501783.021000,84
1731501783.197315,84
1731501783.311500,84
1731501783.533375,84
1731501783.696274,85
1731501783.803801,84
1731501783.919962,84
1731501784.048093,84
1731501784.184600,86
1731501784.320062,86
1731501784.469558,91
1731501784.577375,93
1731501784.688249,92
1731501784.798062,92
1731501784.908220,92
1731501785.023817,92
1731501785.132821,91
1731501785.244476,92
1731501785.363570,90
1731501785.494262,91
1731501785.609278,89
1731501785.724318,86
1731501785.846431,85
1731501785.953865,86
1731501786.064944,86
1731501786.179000,85
1731501786.288966,85
1731501786.404393,85
1731501786.521594,87
1731501786.640006,85
1731501786.773248,85
1731501786.882250,83
1731501786.996088,83
1731501787.135891,84
1731501787.268127,85
1731501787.377779,84
1731501787.528811,84
1731501787.656515,85
1731501787.804383,84
1731501787.939854,84
1731501788.075936,86
1731501788.191287,86
1731501788.298216,85
1731501788.411508,84
1731501788.534198,85
1731501788.661810,84
1731501788.768837,85
1731501788.962025,85
1731501789.072069,86
1731501789.207325,87
1731501789.358237,86
1731501789.487928,85
1731501789.603364,87
1731501789.720561,86
1731501789.832249,89
1731501789.940802,87
1731501790.060994,90
1731501790.171570,90
1731501790.286550,90
1731501790.399591,88
1731501790.512096,89
1731501790.682278,89
1731501790.791987,90
1731501790.996009,87
1731501791.205796,84
1731501791.321905,85
1731501791.433973,85
1731501791.547856,86
1731501791.653477,87
1731501791.759763,86
1731501791.878525,86
1731501791.985909,86
1731501792.104162,86
1731501792.212688,87
1731501792.319695,87
1731501792.429392,87
1731501792.537544,86
1731501792.645403,88
1731501792.760032,88
1731501792.865829,86
1731501792.996272,87
1731501793.160795,88
1731501793.280396,88
1731501793.405475,89
1731501793.539124,89
1731501793.713689,87
1731501793.834487,89
1731501793.941856,88
1731501794.058646,88
1731501794.171145,89
1731501794.279623,88
1731501794.392957,88
1731501794.523186,89
1731501794.629410,90
1731501794.740803,90
1731501794.848094,88
1731501794.956258,88
1731501795.066967,88
1731501795.175859,87
1731501795.285784,87
1731501795.421679,87
1731501795.546305,87
1731501795.702542,88
1731501795.816441,87
1731501795.953503,88
1731501796.080166,87
1731501796.189089,87
1731501796.302519,87
1731501796.420516,86
1731501796.542314,86
1731501796.652389,87
1731501796.764758,87
1731501796.882157,85
1731501796.990897,86
1731501797.104786,87
1731501797.225467,86
1731501797.380771,86
1731501797.489234,86
1731501797.616622,86
1731501797.750502,87
1731501797.859946,86
1731501797.975880,86
1731501798.097162,86
1731501798.208776,88
1731501798.327805,88
1731501798.439595,89
1731501798.548094,89
1731501798.660241,89
1731501798.771878,88
1731501798.881190,88
1731501798.990088,89
1731501799.098249,87
1731501799.205543,90
1731501799.321050,90
1731501799.427202,89
1731501799.556080,92
1731501799.680955,91
1731501799.799845,92
1731501799.912554,92
1731501800.023092,92
1731501800.136259,91
1731501800.307878,91
1731501800.412677,91
1731501800.590037,89
1731501800.712469,90
1731501800.820674,88
1731501800.940467,89
1731501801.048108,89
1731501801.175859,88
1731501801.281283,89
1731501801.398021,88
1731501801.541145,89
1731501801.649322,89
1731501801.762022,88
1731501801.873125,88
1731501801.983845,88
1731501802.121679,91
1731501802.237863,91
1731501802.348001,90
1731501802.455635,89
1731501802.564936,90
1731501802.687627,89
1731501802.798092,89
1731501802.904450,90
1731501803.011385,89
1731501803.120517,88
1731501803.228913,90
1731501803.361821,90
1731501803.477299,89
1731501803.585201,92
1731501803.692338,90
1731501803.803946,90
1731501803.922297,91
1731501804.030678,90
1731501804.143793,90
1731501804.273145,90
1731501804.380246,91
1731501804.486534,90
1731501804.596132,90
1731501804.706985,90
1731501804.814920,90
1731501804.924366,91
1731501805.032603,90
1731501805.153175,90
1731501805.265215,90
1731501805.392654,90
1731501805.522748,90
1731501805.634266,89
1731501805.747545,91
1731501805.859172,89
1731501805.997964,90
1731501806.108057,89
1731501806.214045,88
1731501806.329333,88
1731501806.436855,89
1731501806.553076,88
1731501806.660492,89
1731501806.769868,88
1731501806.873288,89
1731501806.989981,88
1731501807.096486,89
1731501807.213390,89
1731501807.327859,89
1731501807.436616,89
1731501807.543869,88
1731501807.669015,88
1731501807.775215,88
1731501807.890941,89
1731501808.032281,91
1731501808.142080,90
1731501808.276162,89
1731501808.384437,90
1731501808.497975,90
1731501808.605568,90
1731501808.712443,89
1731501808.826625,90
1731501808.932307,92
1731501809.044704,90
1731501809.154173,97
1731501809.283792,97
1731501809.392805,97
1731501809.525090,97
1731501809.641315,97
1731501809.752228,97
1731501809.859835,98
1731501809.982189,98
1731501810.088838,98
1731501810.196281,97
1731501810.307370,97
1731501810.421311,96
1731501810.536761,92
1731501810.644442,91
1731501810.804016,90
1731501810.923988,92
1731501811.030130,91
1731501811.138797,91
1731501811.253567,91
1731501811.365831,91
1731501811.472209,92
1731501811.582429,91
1731501811.692386,91
1731501811.804122,90
1731501811.922694,89
1731501812.040135,89
1731501812.158192,91
1731501812.270148,91
1731501812.377491,89
1731501812.497775,91
1731501812.621374,89
1731501812.734430,89
1731501812.840825,89
1731501812.960043,89
1731501813.066376,90
1731501813.179696,90
1731501813.298154,89
1731501813.406281,91
1731501813.521670,91
1731501813.626606,91
1731501813.748863,91
1731501813.862466,91
1731501813.983435,90
1731501814.090752,91
1731501814.244608,91
1731501814.352850,93
1731501814.478462,92
1731501814.586338,92
1731501814.739905,93
1731501814.866981,93
1731501814.975536,98
1731501815.084404,99
1731501815.198176,98
1731501815.305307,98
1731501815.423142,99
1731501815.537510,100
1731501815.644707,99
1731501815.756974,100
1731501815.865172,98
1731501815.979800,98
1731501816.100204,99
1731501816.234093,95
1731501816.345776,92
1731501816.468537,93
1731501816.582232,93
1731501816.689751,92
1731501816.807496,92
1731501816.921371,92
1731501817.029504,92
1731501817.137546,92
1731501817.251494,93
1731501817.372553,92
1731501817.481828,92
1731501817.592994,92
1731501817.715827,91
1731501817.894602,90
1731501818.043899,91
1731501818.166517,90
1731501818.279526,90
1731501818.390504,90
1731501818.496941,90
1731501818.623135,91
1731501818.732069,91
1731501818.839501,92
1731501818.947283,91
1731501819.058365,91
1731501819.164264,92
1731501819.289395,90
1731501819.410325,92
1731501819.523771,93
1731501819.628963,92
1731501819.739271,92
1731501819.846284,94
1731501819.953345,93
1731501820.063157,93
1731501820.169163,93
1731501820.285451,94
1731501820.401118,95
1731501820.557319,95
1731501820.701019,93
1731501820.815858,99
1731501820.978326,99
1731501821.099861,100
1731501821.224033,98
1731501821.346527,97
1731501821.461117,98
1731501821.582243,98
1731501821.696991,98
1731501821.810172,98
1731501821.916644,97
1731501822.030361,97
1731501822.138146,94
1731501822.256327,91
1731501822.364683,91
1731501822.476432,91
1731501822.587911,93
1731501822.695921,92
1731501822.819115,92
1731501822.944007,93
1731501823.056279,93
1731501823.168568,93
1731501823.308718,92
1731501823.424709,91
1731501823.535542,92
1731501823.654166,93
1731501823.767628,93
1731501823.884698,93
1731501823.993477,93
1731501824.099845,92
1731501824.211863,91
1731501824.318370,92
1731501824.431984,92
1731501824.562499,92
1731501824.669258,92
1731501824.785916,92
1731501824.898243,92
1731501825.008926,93
1731501825.168971,93
1731501825.349506,92
1731501825.460268,95
1731501825.575882,94
1731501825.687003,95
1731501825.805455,94
1731501825.920838,94
1731501826.031020,94
1731501826.144205,93
1731501826.256219,95
1731501826.428889,95
1731501826.577821,93
1731501826.707438,94
1731501826.990222,93
1731501827.094835,93
1731501827.234837,93
1731501827.406480,94
1731501827.513920,93
1731501827.624159,93
1731501827.732072,93
1731501827.854100,92
1731501827.964429,92
1731501828.101802,92
1731501828.212153,92
1731501828.371105,92
1731501828.480172,93
1731501828.588024,93
1731501828.711874,92
1731501828.824424,92
1731501828.955959,93
1731501829.094687,94
1731501829.204212,93
1731501829.324280,93
1731501829.493624,94
1731501829.661324,94
1731501829.816537,94
1731501829.934298,94
1731501830.042297,93
1731501830.153485,94
1731501830.313687,95
1731501830.422701,96
1731501830.544508,96
1731501830.668052,97
1731501830.776483,97
1731501830.905120,97
1731501831.023114,99
1731501831.130604,98
1731501831.242638,98
1731501831.354765,98
1731501831.466988,99
1731501831.605975,98
1731501831.732068,96
1731501831.877764,96
1731501832.006293,96
1731501832.121993,94
1731501832.254909,95
1731501832.360918,95
1731501832.498147,95
1731501832.605711,96
1731501832.729900,96
1731501832.849293,95
1731501832.956248,95
1731501833.073134,95
1731501833.185080,96
1731501833.292574,95
1731501833.401426,95
1731501833.512381,95
1731501833.623037,97
1731501833.732267,96
1731501833.901295,97
1731501834.019863,96
1731501834.139846,97
1731501834.260351,98
1731501834.401364,96
1731501834.517530,96
1731501834.632338,97
1731501834.752009,96
1731501834.875461,96
1731501835.004434,97
1731501835.112973,96
1731501835.225060,96
1731501835.331368,97
1731501835.440828,97
1731501835.564281,96
1731501835.672594,97
1731501835.780982,97
1731501835.892052,96
1731501836.020440,97
1731501836.131977,97
1731501836.254315,97
1731501836.367636,95
1731501836.514545,93
1731501836.621834,97
1731501836.755346,97
1731501836.884404,97
1731501837.052559,96
1731501837.161307,98
1731501837.269088,97
1731501837.382187,97
1731501837.500236,96
1731501837.605339,96
1731501837.716823,95
1731501837.826419,96
1731501837.954422,96
1731501838.063571,96
1731501838.170506,95
1731501838.285344,96
1731501838.392631,97
1731501838.501293,96
1731501838.612903,95
1731501838.722182,95
1731501838.830448,96
1731501838.941255,95
1731501839.051739,96
1731501839.158414,95
1731501839.276044,95
1731501839.388731,95
1731501839.504784,96
1731501839.634734,96
1731501839.743805,96
1731501839.877126,96
1731501840.018082,96
1731501840.130513,96
1731501840.239427,98
1731501840.365612,96
1731501840.484154,98
1731501840.609921,97
1731501840.780211,98
1731501840.934422,99
1731501841.045741,98
1731501841.149034,99
1731501841.256691,99
1731501841.363948,99
1731501841.472796,100
1731501841.614573,98
1731501841.723093,98
1731501841.829657,98
1731501841.941866,97
1731501842.085012,98
1731501842.256912,96
1731501842.436193,94
1731501842.549397,95
1731501842.663658,95
1731501842.780046,93
1731501842.889663,95
1731501843.001774,94
1731501843.110678,95
1731501843.234473,93
1731501843.341749,96
1731501843.458378,95
1731501843.569457,95
1731501843.696541,89
1731501843.810873,83
1731501843.935878,75
1731501844.058739,66
1731501844.166709,59
1731501844.275030,51
1731501844.382283,46
1731501844.491425,46
1731501844.601828,45
1731501844.744101,46
1731501844.880006,46
1731501845.006151,45
1731501845.137781,45
1731501845.244336,47
1731501845.354274,46
1731501845.465253,46
1731501845.573181,47
1731501845.685578,47
1731501845.798127,48
1731501845.905655,48
1731501846.022267,48
1731501846.144249,47
1731501846.253694,48
1731501846.373127,47
1731501846.483933,47
1731501846.602021,47
1731501846.714553,49
1731501846.829460,48
1731501846.938177,48
1731501847.049872,49
1731501847.177455,47
1731501847.293413,47
1731501847.402256,47
1731501847.512058,48
1731501847.641108,49
1731501847.747544,48
1731501847.857749,48
1731501847.970334,48
1731501848.076746,47
1731501848.193235,47
1731501848.301312,46
1731501848.409007,46
1731501848.515953,47
1731501848.643810,48
1731501848.760655,47
1731501848.869491,48
1731501848.977268,47
1731501849.085282,48
1731501849.203979,46
1731501849.347904,48
1731501849.483899,47
1731501849.600059,48
1731501849.707532,47
1731501849.814194,48
1731501849.931400,48
1731501850.113190,47
1731501850.218194,48
1731501850.328351,47
1731501850.438548,48
1731501850.555771,48
1731501850.721088,50
1731501850.838306,50
1731501850.945742,48
1731501851.056885,47
1731501851.170759,55
1731501851.305899,55
1731501851.413487,55
1731501851.548084,54
1731501851.669294,55
1731501851.778940,55
1731501851.898172,52
1731501852.016066,50
1731501852.142505,50
1731501852.252295,49
1731501852.358734,50
1731501852.475311,50
1731501852.589597,49
1731501852.697208,49
1731501852.809096,48
1731501852.931505,49
1731501853.039614,50
1731501853.148858,49
1731501853.261193,48
1731501853.369146,49
1731501853.488722,49
1731501853.610553,50
1731501853.725831,50
1731501853.846813,49
1731501853.961812,50
1731501854.069343,49
1731501854.187882,49
1731501854.301510,49
1731501854.412809,49
1731501854.534904,50
1731501854.673322,49
1731501854.782827,50
1731501854.922349,49
1731501855.050979,50
1731501855.155999,49
1731501855.264775,50
1731501855.370087,49
1731501855.490352,50
1731501855.609175,50
1731501855.717885,51
1731501855.831040,57
1731501855.942643,57
1731501856.053035,57
1731501856.161826,57
1731501856.270917,58
1731501856.413908,57
1731501856.521814,56
1731501856.627996,52
1731501856.742021,52
1731501856.856235,51
1731501856.967697,52
1731501857.074465,53
1731501857.181218,51
1731501857.285010,52
1731501857.396735,50
1731501857.504233,50
1731501857.637427,52
1731501857.760625,51
1731501857.887334,51
1731501858.003485,51
1731501858.133798,52
1731501858.271164,51
1731501858.391451,51
1731501858.500980,51
1731501858.644901,50
1731501858.750289,52
1731501858.857379,49
1731501858.976353,52
1731501859.082076,51
1731501859.189187,52
1731501859.297408,51
1731501859.408092,51
1731501859.513944,52
1731501859.631624,50
1731501859.776969,52
1731501859.902016,52
1731501860.022670,52
1731501860.130564,53
1731501860.238850,52
1731501860.359320,52
1731501860.482249,51
1731501860.590184,57
1731501860.701516,59
1731501860.827266,59
1731501860.946442,59
1731501861.069615,59
1731501861.177508,58
1731501861.286283,56
1731501861.412661,52
1731501861.520541,53
1731501861.631415,53
1731501861.744753,54
1731501861.864500,53
1731501861.973051,54
1731501862.080368,52
1731501862.191278,51
1731501862.298194,53
1731501862.407872,53
1731501862.535038,52
1731501862.642466,53
1731501862.758857,53
1731501862.868448,53
1731501862.976821,54
1731501863.085055,53
1731501863.200959,52
1731501863.316057,52
1731501863.430139,53
1731501863.536966,53
1731501863.669615,52
1731501863.812332,53
1731501863.974035,53
1731501864.080779,53
1731501864.210034,53
1731501864.326069,53
1731501864.440820,55
1731501864.547443,53
1731501864.663122,53
1731501864.771523,53
1731501864.930376,53
1731501865.071013,54
1731501865.214157,53
1731501865.323735,59
1731501865.449129,60
1731501865.559916,61
1731501865.686015,60
1731501865.812586,60
1731501865.935790,60
1731501866.054785,58
1731501866.164843,55
1731501866.309370,55
1731501866.425674,55
1731501866.533096,56
1731501866.648093,55
1731501866.758997,55
1731501866.868705,56
1731501866.978094,53
1731501867.087401,53
1731501867.241275,55
1731501867.369328,54
1731501867.481218,53
1731501867.590637,53
1731501867.697893,54
1731501867.812279,54
1731501867.926667,54
1731501868.042651,54
1731501868.150396,55
1731501868.257276,54
1731501868.390534,53
1731501868.545416,54
1731501868.652518,56
1731501868.781667,55
1731501868.888025,55
1731501868.995604,57
1731501869.137491,56
1731501869.249686,55
1731501869.369886,57
1731501869.477892,56
1731501869.598266,57
1731501869.712019,57
1731501869.837380,55
1731501869.952526,55
1731501870.072445,65
1731501870.193466,66
1731501870.311981,66
1731501870.424593,66
1731501870.550433,64
1731501870.663322,64
1731501870.834977,60
1731501870.972983,56
1731501871.101040,58
1731501871.208587,57
1731501871.332287,56
1731501871.473237,56
1731501871.610657,56
1731501871.718281,54
1731501871.856889,55
1731501871.968128,55
1731501872.088427,56
1731501872.194970,54
1731501872.304003,55
1731501872.411995,54
1731501872.517321,55
1731501872.639953,57
1731501872.786261,56
1731501872.920845,56
1731501873.041290,53
1731501873.400650,54
1731501873.517114,56
1731501873.641074,57
1731501873.752472,57
1731501873.877119,56
1731501873.992980,58
1731501874.132086,57
1731501874.257378,58
1731501874.380884,56
1731501874.492295,56
1731501874.602389,57
1731501874.720179,57
1731501874.832120,66
1731501874.947913,66
1731501875.056418,66
1731501875.167893,67
1731501875.288875,67
1731501875.400821,66
1731501875.510718,66
1731501875.621869,67
1731501875.730306,59
1731501875.839449,59
1731501875.951995,59
1731501876.059164,59
1731501876.168263,58
1731501876.288154,58
1731501876.409378,59
1731501876.522729,59
1731501876.636767,57
1731501876.772379,57
1731501876.924663,58
1731501877.037387,57
1731501877.146687,57
1731501877.264734,57
1731501877.408279,57
1731501877.514366,58
1731501877.637361,57
1731501877.789959,57
1731501877.936511,58
1731501878.096969,57
1731501878.212273,58
1731501878.321123,58
1731501878.434503,57
1731501878.543264,57
1731501878.652901,57
1731501878.762271,58
1731501878.891123,59
1731501879.003432,59
1731501879.121715,59
1731501879.254651,58
1731501879.363394,59
1731501879.486086,58
1731501879.593580,59
1731501879.712044,65
1731501879.823838,64
1731501879.942940,65
1731501880.051770,65
1731501880.176848,66
1731501880.289100,66
1731501880.417029,66
1731501880.574492,64
1731501880.685480,61
1731501880.807694,60
1731501880.932085,61
1731501881.052107,60
1731501881.162062,60
1731501881.297252,60
1731501881.409842,59
1731501881.519001,58
1731501881.671088,57
1731501881.779806,58
1731501881.894880,58
1731501882.003101,58
1731501882.112291,60
1731501882.222185,60
1731501882.339301,60
1731501882.461060,59
1731501882.569425,59
1731501882.708032,61
1731501882.878791,59
1731501882.988313,59
1731501883.104046,59
1731501883.225256,58
1731501883.329802,60
1731501883.441168,60
1731501883.548108,59
1731501883.661856,59
1731501883.768895,60
1731501883.879646,60
1731501883.989079,60
1731501884.100408,60
1731501884.231891,60
1731501884.373162,60
1731501884.481617,61
1731501884.591956,59
1731501884.701566,66
1731501884.820084,66
1731501884.929144,66
1731501885.037928,67
1731501885.155873,66
1731501885.294880,68
1731501885.402112,66
1731501885.513010,64
1731501885.641931,60
1731501885.765458,62
1731501885.926820,61
1731501886.104963,60
1731501886.217290,61
1731501886.356690,61
1731501886.507127,60
1731501886.614498,59
1731501886.730919,59
1731501886.836421,59
1731501886.949360,61
1731501887.069592,59
1731501887.182329,60
1731501887.288865,61
1731501887.399806,61
1731501887.596873,60
1731501887.702428,60
1731501887.830900,61
1731501887.935590,60
1731501888.051011,60
1731501888.164254,60
1731501888.278096,60
1731501888.385803,61
1731501888.511392,60
1731501888.651602,60
1731501888.869622,61
1731501889.021899,61
1731501889.144575,63
1731501889.260365,63
1731501889.389181,61
1731501889.504349,62
1731501889.622705,61
1731501889.737862,67
1731501889.843296,68
1731501889.952639,67
1731501890.064809,67
1731501890.171697,68
1731501890.281391,67
1731501890.401629,67
1731501890.505289,67
1731501890.617232,64
1731501890.727324,63
1731501890.848798,62
1731501890.965408,63
1731501891.077476,63
1731501891.188279,64
1731501891.301221,64
1731501891.418076,63
1731501891.527367,63
1731501891.645469,62
1731501891.753137,63
1731501891.859514,62
1731501891.969902,62
1731501892.082365,62
1731501892.201261,61
1731501892.323933,62
1731501892.430399,61
1731501892.546287,61
1731501892.664742,63
1731501892.773136,63
1731501892.886767,62
1731501892.995176,61
1731501893.128914,61
1731501893.233029,62
1731501893.354101,61
1731501893.468904,61
1731501893.579416,61
1731501893.689128,62
1731501893.833441,63
1731501893.940262,62
1731501894.061934,62
1731501894.219983,62
1731501894.352570,63
1731501894.459071,62
1731501894.573251,62
1731501894.691769,68
1731501894.809407,70
1731501894.918928,69
1731501895.031216,69
1731501895.137353,70
1731501895.266159,71
1731501895.371999,69
1731501895.485295,70
1731501895.591162,68
1731501895.718468,64
1731501895.880080,64
1731501895.991995,64
1731501896.117696,64
1731501896.228687,65
1731501896.338617,64
1731501896.445518,65
1731501896.559257,63
1731501896.668391,63
1731501896.785078,64
1731501896.897563,64
1731501897.003795,63
1731501897.114609,63
1731501897.221763,64
1731501897.328884,63
1731501897.452223,64
1731501897.561401,63
1731501897.673152,62
1731501897.787933,62
1731501897.898239,63
1731501898.007939,63
1731501898.140193,63
1731501898.246933,64
1731501898.364875,63
1731501898.481471,62
1731501898.610847,63
1731501898.717669,63
1731501898.836998,65
1731501898.943938,66
1731501899.064865,65
1731501899.172824,66
1731501899.280009,65
1731501899.421594,65
1731501899.546165,66
1731501899.652007,64
1731501899.760400,75
1731501899.877217,74
1731501899.990544,74
1731501900.096009,75
1731501900.212182,75
1731501900.320911,74
1731501900.428320,73
1731501900.572944,74
1731501900.716491,66
1731501900.824777,66
1731501900.998137,66
1731501901.180493,67
1731501901.373260,66
1731501901.492130,66
1731501901.610765,67
1731501901.739271,65
1731501901.865823,65
1731501901.976740,64
1731501902.083909,65
1731501902.202994,64
1731501902.319591,64
1731501902.436049,64
1731501902.545063,64
1731501902.668593,65
1731501902.776732,64
1731501902.890097,65
1731501902.997021,65
1731501903.104841,66
1731501903.222169,65
1731501903.338147,66
1731501903.448213,66
1731501903.568923,65
1731501903.680301,65
1731501903.798257,66
1731501903.922705,66
1731501904.034587,66
1731501904.144826,67
1731501904.252170,67
1731501904.363934,66
1731501904.482304,67
1731501904.625081,66
1731501904.736417,66
1731501904.879759,73
1731501905.021822,74
1731501905.147187,73
1731501905.275258,74
1731501905.389150,73
1731501905.498323,73
1731501905.613854,73
1731501905.720738,72
1731501905.838651,67
1731501905.950044,66
1731501906.056377,67
1731501906.180618,68
1731501906.288688,67
1731501906.404297,67
1731501906.538220,66
1731501906.645525,66
1731501906.756010,66
1731501906.882255,67
1731501906.992056,66
1731501907.108282,67
1731501907.244270,66
1731501907.354689,66
1731501907.473225,66
1731501907.581993,66
1731501907.703773,66
1731501907.830784,66
1731501907.942786,66
1731501908.065600,66
1731501908.189819,66
1731501908.297416,67
1731501908.433009,66
1731501908.660803,65
1731501908.768911,65
1731501908.876439,66
1731501909.002155,66
1731501909.135807,66
1731501909.241832,66
1731501909.382164,66
1731501909.489360,67
1731501909.601004,68
1731501909.708737,67
1731501909.835855,67
1731501909.952067,74
1731501910.061859,76
1731501910.170315,76
1731501910.277612,74
1731501910.387853,73
1731501910.506819,74
1731501910.621197,74
1731501910.752123,74
1731501910.894284,72
1731501911.032112,69
1731501911.141356,70
1731501911.269425,68
1731501911.377845,68
1731501911.492521,69
1731501911.607800,69
1731501911.730823,69
1731501911.841321,70
1731501911.964282,69
1731501912.084761,67
1731501912.200745,69
1731501912.335218,69
1731501912.442893,69
1731501912.562760,67
1731501912.673094,68
1731501912.790898,67
1731501912.897901,68
1731501913.052209,68
1731501913.171001,68
1731501913.290238,68
1731501913.401690,68
1731501913.533394,67
1731501913.652600,68
1731501913.771103,69
1731501913.879921,67
1731501913.989261,68
1731501914.098179,69
1731501914.211958,69
1731501914.344077,69
1731501914.473231,69
1731501914.591874,69
1731501914.714386,70
1731501914.829784,68
1731501914.972324,68
1731501915.090443,71
1731501915.202381,76
1731501915.308749,76
1731501915.419743,76
1731501915.537111,77
1731501915.648093,77
1731501915.763640,77
1731501915.887173,77
1731501916.017361,77
1731501916.137961,71
1731501916.244204,69
1731501916.353616,72
1731501916.474897,70
1731501916.590820,71
1731501916.698205,70
1731501916.806575,71
1731501916.922632,70
1731501917.028706,71
1731501917.138260,70
1731501917.265468,68
1731501917.387361,70
1731501917.494962,69
1731501917.605063,69
1731501917.734982,68
1731501917.843568,69
1731501917.955541,68
1731501918.079948,68
1731501918.196524,69
1731501918.304929,69
1731501918.410089,70
1731501918.564128,68
1731501918.701966,69
1731501918.812357,69
1731501918.936886,70
1731501919.057642,70
1731501919.164350,68
1731501919.303955,70
1731501919.416396,70
1731501919.542486,71
1731501919.657193,72
1731501919.765617,71
1731501919.876745,70
1731501919.988364,71
1731501920.114312,71
1731501920.230211,71
1731501920.336786,77
1731501920.456120,79
1731501920.574201,79
1731501920.682032,78
1731501920.797795,79
1731501920.902907,78
1731501921.013324,79
1731501921.129799,77
1731501921.244996,75
1731501921.352056,72
1731501921.462302,72
1731501921.567925,71
1731501921.678073,72
1731501921.785541,73
1731501921.897828,72
1731501922.006572,71
1731501922.115968,72
1731501922.238211,71
1731501922.362289,71
1731501922.480705,69
1731501922.599555,70
1731501922.706565,69
1731501922.824141,70
1731501922.934114,70
1731501923.041052,71
1731501923.158629,70
1731501923.274784,70
1731501923.384278,70
1731501923.505286,69
1731501923.649243,70
1731501923.778589,71
1731501923.901807,72
1731501924.044639,70
1731501924.152898,70
1731501924.265469,71
1731501924.378149,71
1731501924.487410,73
1731501924.594846,73
1731501924.710205,73
1731501924.817799,72
1731501924.940161,72
1731501925.045652,72
1731501925.171173,71
1731501925.277277,71
1731501925.417944,73
1731501925.563207,79
1731501925.687945,79
1731501925.814207,79
1731501925.927227,80
1731501926.060452,80
1731501926.181452,79
1731501926.299298,79
1731501926.408017,79
1731501926.513477,78
1731501926.620499,74
1731501926.732279,73
1731501926.844580,74
1731501926.980298,73
1731501927.091956,73
1731501927.206451,73
1731501927.319857,73
1731501927.445076,73
1731501927.559192,73
1731501927.672715,71
1731501927.787390,72
1731501927.905878,72
1731501928.018164,72
1731501928.129277,72
1731501928.237156,71
1731501928.353959,71
1731501928.465420,72
1731501928.573152,73
1731501928.691559,72
1731501928.818070,72
1731501928.929998,72
1731501929.038880,73
1731501929.153959,73
1731501929.265415,72
1731501929.373130,73
1731501929.497030,73
1731501929.610441,73
1731501929.718743,74
1731501929.840723,74
1731501929.994229,73
1731501930.101014,73
1731501930.235547,73
1731501930.366755,73
1731501930.507851,74
1731501930.637022,74
1731501930.744129,74
1731501930.863149,81
1731501930.975086,81
1731501931.080924,80
1731501931.211740,81
1731501931.340587,80
1731501931.463707,81
1731501931.590250,81
1731501931.696518,79
1731501931.822215,79
1731501931.930035,74
1731501932.037592,74
1731501932.151425,74
1731501932.261760,74
1731501932.372557,74
1731501932.480025,75
1731501932.589963,75
1731501932.702821,75
1731501932.809161,74
1731501932.924581,74
1731501933.034641,74
1731501933.144933,75
1731501933.252483,73
1731501933.361423,73
1731501933.472543,74
1731501933.593098,73
1731501933.708652,73
1731501933.821845,74
1731501933.929520,73
1731501934.036322,74
1731501934.153048,73
1731501934.260161,74
1731501934.378412,74
1731501934.485934,73
1731501934.594796,74
1731501934.704534,73
1731501934.843312,74
1731501934.954528,73
1731501935.064314,74
1731501935.172694,74
1731501935.304959,75
1731501935.420569,74
1731501935.528115,74
1731501935.644500,75
1731501935.780596,74
1731501935.892811,74
1731501936.003492,75
1731501936.120230,81
1731501936.242566,83
1731501936.352035,81
1731501936.479888,81
1731501936.604615,82
1731501936.709539,81
1731501936.831663,81
1731501936.945995,81
1731501937.050924,80
1731501937.161163,79
1731501937.276128,74
1731501937.404826,77
1731501937.511834,76
1731501937.639710,75
1731501937.745880,77
1731501937.864772,76
1731501937.981931,75
1731501938.094407,76
1731501938.207441,76
1731501938.315889,77
1731501938.433454,76
1731501938.540838,76
1731501938.654357,75
1731501938.774151,74
1731501938.881322,75
1731501938.992065,74
1731501939.102415,74
1731501939.209819,75
1731501939.320708,74
1731501939.441450,74
1731501939.549508,75
1731501939.664509,75
1731501939.792165,74
1731501939.905918,75
1731501940.023510,74
1731501940.147100,74
1731501940.258211,74
1731501940.369287,76
1731501940.556520,78
1731501940.673090,76
1731501940.781707,77
1731501940.904846,76
1731501941.018140,77
1731501941.124299,78
1731501941.242297,76
1731501941.367366,76
1731501941.476184,77
1731501941.590088,82
1731501941.694502,83
1731501941.807723,84
1731501941.914954,84
1731501942.022095,83
1731501942.129377,84
1731501942.239649,83
1731501942.350731,83
1731501942.460392,82
1731501942.594482,80
1731501942.700494,77
1731501942.816548,77
1731501942.949176,77
1731501943.058910,77
1731501943.187746,77
1731501943.295941,79
1731501943.439110,77
1731501943.555493,78
1731501943.671918,77
1731501943.790598,75
1731501943.900762,76
1731501944.055199,75
1731501944.160423,75
1731501944.270623,76
1731501944.380627,76
1731501944.508880,75
1731501944.619020,76
1731501944.725847,77
1731501944.839778,77
1731501944.962411,76
1731501945.081405,76
1731501945.196697,76
1731501945.302364,75
1731501945.410815,75
1731501945.533968,75
1731501945.646717,77
1731501945.764102,78
1731501945.878154,78
1731501945.995832,76
1731501946.116344,77
1731501946.227342,76
1731501946.333243,77
1731501946.454682,77
1731501946.563070,77
1731501946.673153,78
1731501946.822628,78
1731501946.940153,86
1731501947.046819,85
1731501947.155755,85
1731501947.278223,84
1731501947.401256,85
1731501947.508424,84
1731501947.619938,84
1731501947.729037,85
1731501947.836900,84
1731501947.974147,82
1731501948.081514,79
1731501948.189224,78
1731501948.301950,78
1731501948.418211,79
1731501948.524578,78
1731501948.630548,79
1731501948.745262,79
1731501948.869035,79
1731501948.981230,78
1731501949.088842,78
1731501949.201277,79
1731501949.313180,78
1731501949.424802,77
1731501949.547179,77
1731501949.652560,78
1731501949.765931,78
1731501949.878329,78
1731501949.995169,77
1731501950.104863,76
1731501950.280119,77
1731501950.409774,76
1731501950.524194,77
1731501950.631283,77
1731501950.739717,76
1731501950.886644,78
1731501950.998239,78
